-1.132899	-8.036989	1	0
0.916249	0.844786	1	0
7.349757	5.537601	1	0
6.433733	10.76185	1	0
0.30796	8.587045	1	0
6.858927	8.465857	1	0
-9.003048	-35.80832	1	0
-0.598071	-12.200324	1	0
4.969931	11.142364	1	0
-2.779274	2.420276	1	0
-1.043454	8.189519	1	0
-8.395767	-46.400408	1	0
7.564475	3.390175	1	0
-5.457881	-25.146434	1	0
-5.838475	-27.57188	1	0
5.346407	-10.22028	1	0
-6.543158	0.489657	1	0
-6.32271	7.756262	1	0
-9.011742	-40.157551	1	0
3.369952	22.761851	1	0
9.422986	38.87669	1	0
9.529907	36.043696	1	0
7.640286	18.097549	1	0
-9.977486	-35.336698	1	0
1.435467	27.647379	1	0
-6.64965	-22.865893	1	0
-4.476757	7.937258	1	0
4.094794	-9.830057	1	0
-1.533691	11.195873	1	0
2.336936	7.008514	1	0
7.137629	-8.061147	1	0
-4.195804	-3.69237	1	0
-5.509407	-1.402618	1	0
0.202464	4.973862	1	0
-9.136536	-48.814791	1	0
-5.110817	-7.281371	1	0
9.787022	16.568779	1	0
-4.975329	-20.913897	1	0
4.650052	0.243946	1	0
-7.619241	-28.20006	1	0
-6.641268	-5.782034	1	0
1.445501	16.186807	1	0
-2.145015	20.070951	1	0
5.858922	17.798956	1	0
-2.712362	-13.109603	1	0
-0.048978	9.829622	1	0
-3.106505	16.762888	1	0
5.222473	3.45473	1	0
0.286762	17.686093	1	0
4.397852	23.256576	1	0
-0.629084	-0.108138	1	0
1.691842	23.305804	1	0
1.456104	16.081966	1	0
-2.265657	-6.890264	1	0
7.301914	4.597628	1	0
0.038399	2.299411	1	0
-5.684153	-1.415172	1	0
-5.237721	-14.717215	1	0
-8.302847	-18.446815	1	0
-5.220881	1.572646	1	0
-6.563882	-14.472819	1	0
-3.429294	15.492968	1	0
-2.280961	-6.710839	1	0
-3.523347	-15.379053	1	0
-5.166037	-19.239129	1	0
-4.045606	0.943504	1	0
2.740392	-3.474736	1	0
9.196524	35.870923	1	0
8.524916	32.238841	1	0
8.41266	27.995145	1	0
-9.962951	-46.231918	1	0
-4.150427	-8.987955	1	0
-0.606975	-11.54865	1	0
-6.585394	-21.076374	1	0
-2.448994	-12.309577	1	0
1.695983	17.987904	1	0
3.509637	-3.335389	1	0
-8.920908	-42.68896	1	0
-9.053856	-36.109711	1	0
-3.748264	5.699652	1	0
1.814628	-3.648488	1	0
-3.403499	9.179315	1	0
-5.371898	2.974255	1	0
-4.816918	16.213676	1	0
1.366347	18.150517	1	0
6.479811	-8.197844	1	0
-1.175524	-4.546364	1	0
1.790133	15.152412	1	0
-3.413284	20.607459	1	0
-8.152823	-44.109238	1	0
4.889629	11.6168	1	0
9.872166	14.697089	1	0
3.396026	27.387343	1	0
1.602936	3.197804	1	0
-6.912646	-15.595326	1	0
-6.080884	4.205794	1	0
1.531167	-11.432149	1	0
-0.560225	-6.679421	1	0
5.317696	0.226831	1	0
-2.584588	-14.920296	1	0
-7.820952	-8.764987	1	0
5.133797	27.598183	1	0
8.445731	31.096004	1	0
8.9746	30.323398	1	0
9.159281	30.534305	1	0
6.497937	19.492237	1	0
1.400078	15.078747	1	0
-0.279989	3.344027	1	0
0.369542	17.412911	1	0
2.533377	-3.599862	1	0
-9.191444	-33.757848	1	0
9.41693	8.212647	1	0
-4.230739	1.18023	1	0
-0.061455	17.733188	1	0
-0.431649	24.419179	1	0
9.969619	33.892105	1	0
-8.041031	-40.538834	1	0
-2.767988	-3.254503	1	0
-4.564922	-2.84585	1	0
2.162757	21.536567	1	0
5.240722	11.004903	1	0
-9.043904	-24.030499	1	0
3.912151	-11.290131	1	0
-7.161947	-1.624928	1	0
-8.743353	-19.86139	1	0
-4.370405	-12.457874	1	0
-7.218905	-4.233793	1	0
8.017807	29.340172	1	0
6.294147	-5.064405	1	0
3.391605	0.987219	1	0
1.323004	13.963637	1	0
9.939642	4.885555	1	0
1.997951	-2.908308	1	0
-6.498723	-31.229737	1	0
-0.238674	10.30813	1	0
-3.105792	-13.961484	1	0
9.247375	10.726981	1	0
-2.370578	7.344616	1	0
8.221654	29.445632	1	0
4.642131	19.00361	1	0
-3.517701	-16.335559	1	0
-7.946214	-39.269233	1	0
7.073006	-5.96828	1	0
-1.459689	-4.470237	1	0
4.078587	11.276028	1	0
4.459226	-3.825383	1	0
3.363483	24.56299	1	0
7.221156	28.802961	1	0
8.760562	1.82984	1	0
-8.945279	-38.760007	1	0
4.379233	-7.735071	1	0
-1.159613	0.124849	1	0
4.520539	11.800153	1	0
-1.060532	8.682121	1	0
0.320451	-8.103454	1	0
-4.395229	-8.58571	1	0
3.529382	18.884091	1	0
9.884423	4.617243	1	0
-0.27627	-12.100856	1	0
4.646094	2.294465	1	0
3.859124	21.445923	1	0
-3.676782	15.414185	1	0
1.292388	7.526605	1	0
1.343339	14.788035	1	0
-2.127468	9.780665	1	0
-3.575896	13.27585	1	0
9.17792	30.785107	1	0
-3.092258	2.814586	1	0
4.674222	16.1571	1	0
-1.408676	4.447502	1	0
5.575946	-0.791316	1	0
-7.581455	-26.313721	1	0
-2.730221	18.434129	1	0
-2.733939	1.665715	1	0
-6.726715	-20.129423	1	0
5.104948	9.196428	1	0
-6.128854	-6.380167	1	0
-1.098984	23.047964	1	0
-0.076136	25.325364	1	0
-5.06059	3.571845	1	0
8.780933	13.124065	1	0
0.4817	-10.328343	1	0
-0.935766	24.131027	1	0
-5.441427	-13.888074	1	0
-0.652997	20.96489	1	0
-8.608849	-21.97971	1	0
-1.739316	20.148834	1	0
-1.038786	17.133188	1	0
2.241637	16.198947	1	0
5.903947	8.046823	1	0
6.07714	-0.849576	1	0
2.601452	7.699832	1	0
9.303996	0.188931	1	0
6.901139	21.693269	1	0
7.578032	13.822831	1	0
-2.299831	0.393428	1	0
8.969661	33.99682	1	0
-3.368615	8.941749	1	0
9.770388	33.17789	1	0
-7.548941	-1.914561	1	0
-7.983397	-19.182679	1	0
-5.18938	2.681219	1	0
-7.058143	-10.837138	1	0
4.181952	0.13732	1	0
-8.56627	-27.410769	1	0
4.94981	22.834453	1	0
-8.659378	-37.344581	1	0
-5.434709	-18.720478	1	0
-8.306399	-24.668691	1	0
7.065897	-2.245647	1	0
8.066874	2.690147	1	0
2.865963	4.596867	1	0
-3.506239	-8.216627	1	0
-7.646929	-10.088104	1	0
2.692097	17.77722	1	0
-9.617106	-30.304581	1	0
-5.001793	-21.902084	1	0
0.182724	-8.490945	1	0
3.336011	8.861325	1	0
2.062838	-5.234475	1	0
4.814598	12.20882	1	0
-0.299033	-4.582287	1	0
-8.379908	-13.637077	1	0
-3.799845	1.859477	1	0
-9.929757	-38.585679	1	0
8.307819	8.794623	1	0
-4.19471	-5.432265	1	0
9.960226	22.399372	1	0
-5.930012	5.868171	1	0
-8.032427	-28.21237	1	0
-4.919444	-19.718768	1	0
-8.78463	-33.364208	1	0
-9.489546	-24.862476	1	0
-0.660195	16.681011	1	0
-4.53871	16.339947	1	0
-7.445283	-35.859484	1	0
6.973389	20.223025	1	0
0.831363	25.756393	1	0
-4.670588	-2.349692	1	0
1.447224	24.471868	1	0
1.762619	21.42517	1	0
-6.484977	-3.229879	1	0
-7.874622	-18.830789	1	0
8.198096	15.445625	1	0
-8.849498	-43.663138	1	0
2.27958	8.899306	1	0
8.564954	10.943799	1	0
9.754405	35.154755	1	0
-8.031115	-30.270765	1	0
4.262311	-10.733946	1	0
0.766185	-0.02552	1	0
-0.447221	-0.1062	1	0
-2.91969	-4.397975	1	0
5.267308	-5.397682	1	0
7.291892	26.289407	1	0
7.993345	17.424561	1	0
8.599311	10.635237	1	0
7.565129	26.088689	1	0
-4.595826	-16.568243	1	0
-7.244163	-15.279232	1	0
8.986206	22.650072	1	0
9.975333	32.264143	1	0
4.977131	-3.940017	1	0
-2.50719	15.037293	1	0
5.326044	21.933317	1	0
-9.864757	-45.397212	1	0
5.728627	0.724121	1	0
-2.720751	-11.76901	1	0
3.969175	26.206125	1	0
4.320803	24.194609	1	0
-6.643819	0.488769	1	0
-2.439304	-9.649278	1	0
-8.803946	-47.834508	1	0
5.83334	-3.051252	1	0
-4.104098	-4.38118	1	0
2.648076	-1.140581	1	0
-8.840229	-38.926216	1	0
-8.289795	-43.216447	1	0
1.032812	-11.585408	1	0
-7.506699	-18.628735	1	0
-6.150352	-20.049301	1	0
-7.719418	-5.776937	1	0
3.497691	22.232288	1	0
-4.379885	-16.829198	1	0
4.286742	-5.108979	1	0
8.653895	2.521946	1	0
-0.684595	-6.097224	1	0
0.794941	-5.337272	1	0
-6.998007	-11.503646	1	0
-3.547242	-3.170856	1	0
8.995169	4.682993	1	0
-0.94859	-1.820904	1	0
6.214199	-4.191392	1	0
5.753125	16.107868	1	0
3.929621	-7.490501	1	0
9.380935	12.806475	1	0
0.106086	-5.692615	1	0
-7.641607	-5.624188	1	0
-1.511306	5.718406	1	0
5.291959	12.964105	1	0
2.480529	-6.286568	1	0
-8.22383	-37.981548	1	0
3.663305	17.032498	1	0
-1.015214	3.466066	1	0
-8.946943	-22.994778	1	0
2.431006	18.87504	1	0
9.30611	34.483734	1	0
4.805784	2.160743	1	0
4.386367	6.785538	1	0
-1.736119	13.481545	1	0
6.697261	-8.678517	1	0
-0.94614	-1.265921	1	0
-3.514889	10.572993	1	0
-4.327889	17.406123	1	0
-0.352957	22.003027	1	0
-8.359488	-17.762388	1	0
5.623388	17.470203	1	0
-8.596229	-32.940352	1	0
-5.110407	15.670679	1	0
8.602031	27.223706	1	0
3.563305	27.810173	1	0
7.473671	0.092049	1	0
1.169379	9.576588	1	0
-9.557211	-60.06383	1	0
1.682959	19.12704	1	0
-7.468907	-35.692293	1	0
-6.176231	4.456611	1	0
2.00682	-5.800333	1	0
-7.802121	-13.998485	1	0
-2.662339	20.916366	1	0
-6.015351	10.292433	1	0
-0.606473	-3.656415	1	0
-3.134839	-11.852748	1	0
7.167079	14.135676	1	0
0.075396	18.259993	1	0
6.127319	6.365144	1	0
-8.462917	-10.192918	1	0
-7.22172	-29.946655	1	0
1.824749	0.894933	1	0
2.3992	23.170088	1	0
-4.860397	-19.040476	1	0
0.650027	26.316012	1	0
-9.902338	-26.674181	1	0
7.634614	31.447683	1	0
-2.556331	0.939982	1	0
-2.147149	12.74793	1	0
-8.730454	-51.492449	1	0
-4.574291	-18.542763	1	0
1.490883	22.360431	1	0
7.397879	19.878929	1	0
9.650624	39.192442	1	0
1.037248	-5.600174	1	0
7.183409	-7.108531	1	0
3.604892	-1.346657	1	0
-1.477774	-2.459757	1	0
6.177939	-3.567889	1	0
9.08943	14.109904	1	0
-6.765077	-18.259313	1	0
0.645624	14.822664	1	0
2.991085	-10.203104	1	0
-0.235273	19.100002	1	0
7.578429	6.590734	1	0
2.382066	24.235413	1	0
-2.722025	-11.820489	1	0
-5.973208	-26.619443	1	0
-3.341724	-13.813277	1	0
6.249963	25.264806	1	0
-5.769702	-27.14365	1	0
2.549641	-5.587325	1	0
1.909847	-6.15519	1	0
1.443707	8.354612	1	0
-5.355163	-13.132656	1	0
2.571832	20.912811	1	0
-7.960866	-34.865572	1	0
-4.817016	13.905123	1	0
1.922949	-5.024083	1	0
9.960467	15.723332	1	0
-0.765206	24.474749	1	0
-6.420697	0.903814	1	0
-5.219745	-15.93308	1	0
-6.465082	-24.758876	1	0
-9.664246	-24.684541	1	0
-1.270589	12.310896	1	0
7.951322	23.764297	1	0
7.229044	24.304133	1	0
1.773912	26.509604	1	0
2.262716	25.573516	1	0
-9.632058	-22.632187	1	0
-8.321143	-12.95598	1	0
-2.415585	-7.934431	1	0
-5.338953	13.024985	1	0
0.871741	25.818543	1	0
0.989243	-10.724241	1	0
-1.517389	11.50072	1	0
-9.499293	-31.08835	1	0
3.246051	20.788975	1	0
-1.521328	4.454806	1	0
0.596365	2.991174	1	0
-3.683213	-4.19108	1	0
0.689532	16.751008	1	0
1.716069	4.900926	1	0
5.342069	10.045246	1	0
-8.202482	-7.858741	1	0
8.365033	26.779657	1	0
8.167396	10.233742	1	0
-2.273991	-0.552696	1	0
0.125422	27.558226	1	0
1.758985	-9.08285	1	0
-9.637769	-54.810017	1	0
-3.172085	4.841071	1	0
5.470024	-10.333245	1	0
1.163568	18.348724	1	0
-8.507521	-33.135008	1	0
6.237925	-2.123202	1	0
-4.980524	-10.469181	1	0
0.201504	-1.854337	1	0
7.634998	2.51831	1	0
-0.66167	10.717304	1	0
-8.190803	-18.99464	1	0
8.148409	-0.200199	1	0
-3.73408	10.167438	1	0
-9.273586	-53.960623	1	0
-5.022503	-11.746401	1	0
0.922793	10.915688	1	0
3.824592	-11.111038	1	0
7.300361	-0.584932	1	0
0.645681	10.270269	1	0
-0.159372	7.024644	1	0
-8.831859	-38.843891	1	0
4.014643	26.754637	1	0
-5.951886	6.637707	1	0
-0.645539	21.637971	1	0
-3.963432	-7.388029	1	0
9.198495	6.257825	1	0
2.857725	21.084174	1	0
4.230824	-1.196188	1	0
6.595324	24.307536	1	0
9.579165	39.113441	1	0
7.721181	27.998527	1	0
-8.399917	-22.006092	1	0
3.290346	22.619308	1	0
7.18477	11.354502	1	0
-7.854657	-22.573816	1	0
3.502421	-11.416931	1	0
-3.73203	8.615949	1	0
0.862689	8.358044	1	0
-5.720066	4.50859	1	0
-6.634449	-12.654678	1	0
0.278641	-4.084146	1	0
9.554075	22.918459	1	0
8.66411	4.572565	1	0
-2.000708	20.09041	1	0
9.904056	2.74913	1	0
-4.694663	-18.855746	1	0
-4.13301	-15.28673	1	0
4.761043	16.074832	1	0
4.902429	-5.567378	1	0
-4.85219	-8.846762	1	0
3.66868	27.205197	1	0
0.960878	19.1711	1	0
-5.35608	-5.257246	1	0
-4.438764	-11.345266	1	0
-0.444623	1.850832	1	0
-0.139552	4.204496	1	0
4.531797	21.075138	1	0
-1.552838	24.474537	1	0
-0.404997	19.512181	1	0
-8.256144	-45.715478	1	0
-1.298835	-1.498428	1	0
1.634002	16.896499	1	0
8.799964	12.2502	1	0
-8.818586	-52.251324	1	0
0.825112	-3.26628	1	0
5.22099	21.012879	1	0
8.290442	29.310152	1	0
4.722094	6.569341	1	0
6.187624	-4.257808	1	0
7.373249	21.276314	1	0
6.789245	12.867877	1	0
1.331714	18.485383	1	0
2.662597	21.235059	1	0
0.751108	-8.775538	1	0
-9.614236	-43.98895	1	0
6.319425	12.325878	1	0
-5.537766	3.72188	1	0
-5.820054	-11.428821	1	0
6.913403	5.196001	1	0
-2.269649	-4.602729	1	0
-8.942718	-19.767711	1	0
-6.302869	0.48359	1	0
2.127889	16.725073	1	0
-9.956117	-36.342707	1	0
1.687984	16.387929	1	0
8.925116	27.077195	1	0
2.109756	4.040969	1	0
-1.91251	22.07896	1	0
5.993968	17.829559	1	0
-5.472074	-19.862897	1	0
-0.301072	1.799806	1	0
6.050464	10.827783	1	0
3.388483	-19.149198	0	1
7.754856	-26.45159	0	1
2.80186	-47.673134	0	1
-5.262249	-48.576926	0	1
4.990088	-19.142698	0	1
8.368473	-40.287758	0	1
2.750075	-46.271101	0	1
-4.667157	-44.347383	0	1
-3.304938	-39.081619	0	1
4.62859	-44.119427	0	1
2.203378	-24.12882	0	1
-5.879147	-53.043334	0	1
-9.510918	-90.927301	0	1
6.237106	-14.71896	0	1
9.193302	-38.155777	0	1
7.759807	-18.293637	0	1
-2.192477	-28.417051	0	1
6.17405	-17.149403	0	1
6.542104	-23.646109	0	1
0.910236	-27.78632	0	1
-3.119655	-29.0384	0	1
2.158326	-25.904953	0	1
-6.808428	-69.159373	0	1
9.384485	-24.41238	0	1
9.644605	-31.6325	0	1
0.113053	-39.989413	0	1
-9.24805	-68.783433	0	1
1.302992	-44.720819	0	1
-2.314176	-33.748624	0	1
2.891184	-46.541402	0	1
4.08646	-32.100596	0	1
9.198574	-37.109234	0	1
1.01876	-29.907529	0	1
7.641219	-7.801619	0	1
-0.660318	-25.942859	0	1
7.061463	-34.222065	0	1
2.426014	-34.573547	0	1
5.239362	-48.014819	0	1
1.677405	-49.116365	0	1
5.644797	-30.676943	0	1
-7.080314	-67.56135	0	1
-1.445118	-22.92519	0	1
4.856949	-48.352531	0	1
-8.881073	-60.465895	0	1
9.037758	-36.19042	0	1
-0.522658	-31.731092	0	1
-9.730918	-77.430312	0	1
-9.571622	-94.936926	0	1
-7.121477	-58.460074	0	1
4.265755	-11.641095	0	1
5.155478	-46.327449	0	1
-6.849067	-48.642008	0	1
4.497058	-21.247428	0	1
2.196639	-33.606971	0	1
-6.95086	-54.988147	0	1
-3.893018	-41.138076	0	1
-7.74301	-54.696286	0	1
-1.866688	-25.723399	0	1
5.465838	-50.310451	0	1
-0.748304	-22.420533	0	1
8.090107	-35.209525	0	1
-1.091478	-18.239688	0	1
-9.956908	-68.569607	0	1
5.86285	-33.026005	0	1
-3.12161	-37.337437	0	1
-0.955711	-51.144586	0	1
-7.550439	-47.584772	0	1
4.762668	-21.972246	0	1
-8.953275	-69.406451	0	1
4.165731	-28.264559	0	1
0.00538	-20.151114	0	1
6.281329	-24.07257	0	1
5.421383	-29.78389	0	1
9.726261	-13.839803	0	1
-0.382606	-30.832283	0	1
-5.325328	-52.972931	0	1
3.137568	-14.249794	0	1
-9.409709	-63.913028	0	1
-8.510776	-85.361966	0	1
8.337027	-16.779874	0	1
-3.657416	-33.689678	0	1
-9.791553	-92.81203	0	1
-4.057831	-41.957717	0	1
5.162676	-41.630507	0	1
2.903079	-31.547212	0	1
-0.194216	-16.978398	0	1
-0.408654	-42.78559	0	1
8.750337	-25.066397	0	1
8.710468	-12.177236	0	1
5.794935	-22.858895	0	1
-8.449348	-60.782809	0	1
9.100012	-34.071692	0	1
7.569439	-34.49778	0	1
-0.84939	-37.028379	0	1
0.397875	-34.451148	0	1
-6.3989	-55.630262	0	1
4.894361	-46.534173	0	1
9.999967	-9.748798	0	1
6.43492	-9.514626	0	1
2.532008	-30.614543	0	1
3.77306	-27.742193	0	1
6.360919	-17.900358	0	1
8.028227	-14.737824	0	1
-4.632332	-48.744788	0	1
-5.792236	-58.384	0	1
-9.617896	-96.283602	0	1
-9.277245	-73.52617	0	1
0.0058	-45.675665	0	1
-9.220869	-78.481988	0	1
3.325677	-44.615175	0	1
7.265726	-21.237512	0	1
2.339983	-23.447008	0	1
-2.045773	-43.692453	0	1
-4.080568	-34.963711	0	1
5.827728	-20.212098	0	1
9.310511	-29.221043	0	1
0.539717	-38.440215	0	1
8.199018	-13.881724	0	1
3.031452	-39.931492	0	1
-1.883724	-15.094378	0	1
-7.539352	-45.530786	0	1
2.058713	-33.545555	0	1
-9.669982	-82.6809	0	1
7.570714	-33.774843	0	1
-8.692587	-63.59541	0	1
-2.854405	-47.358132	0	1
-6.906431	-50.15806	0	1
-1.622937	-21.681342	0	1
-9.336366	-69.201692	0	1
-5.349299	-56.824742	0	1
8.735642	-23.137057	0	1
-5.65765	-30.189578	0	1
1.820708	-35.925037	0	1
-0.033992	-20.291518	0	1
5.876389	-36.669093	0	1
-9.61938	-98.462693	0	1
1.432732	-51.076492	0	1
-4.61472	-41.334653	0	1
-7.985665	-73.921988	0	1
4.89523	-31.027616	0	1
-5.581329	-48.756771	0	1
-4.984298	-44.925641	0	1
5.689633	-14.436608	0	1
5.919171	-13.333753	0	1
7.80077	-7.207448	0	1
-5.811651	-44.114432	0	1
3.098206	-40.012102	0	1
8.406558	-41.047305	0	1
-5.639938	-31.20055	0	1
6.812922	-29.600958	0	1
-3.249161	-48.515998	0	1
4.88889	-43.229662	0	1
2.287597	-27.094696	0	1
-2.818535	-36.472697	0	1
8.313563	-22.353727	0	1
-6.009362	-44.47992	0	1
0.485218	-16.447509	0	1
-8.513843	-57.683555	0	1
7.865839	-33.873434	0	1
-5.882425	-37.99971	0	1
-8.306233	-52.003731	0	1
-8.762356	-88.066291	0	1
-7.229315	-40.313789	0	1
5.575326	-23.002144	0	1
-0.779752	-38.95286	0	1
9.296002	-2.84036	0	1
6.358237	-31.01311	0	1
9.187482	-36.178401	0	1
-2.963529	-29.840575	0	1
-4.345072	-44.069739	0	1
2.69219	-50.388721	0	1
-4.65744	-42.689632	0	1
8.189104	-27.5304	0	1
1.069548	-31.287924	0	1
4.044936	-28.924198	0	1
1.733795	-51.459389	0	1
-9.319717	-77.24409	0	1
8.732039	-30.165023	0	1
-7.947401	-72.247534	0	1
-8.281581	-55.592224	0	1
-2.570243	-54.634557	0	1
0.681381	-33.478387	0	1
-0.658419	-30.774235	0	1
2.89651	-46.42807	0	1
-1.125376	-26.409343	0	1
3.345366	-45.806027	0	1
4.971752	-29.28025	0	1
-9.368267	-80.376585	0	1
3.131661	-42.568292	0	1
-3.484463	-29.414278	0	1
8.87199	-4.050185	0	1
-2.235024	-42.891853	0	1
-5.72496	-37.38753	0	1
-9.190368	-96.166939	0	1
-7.81165	-48.904382	0	1
-3.15033	-37.458918	0	1
4.18533	-50.236412	0	1
-7.867197	-61.059183	0	1
1.636658	-18.999673	0	1
-7.353514	-77.077351	0	1
8.037574	-40.029392	0	1
-7.575633	-58.747525	0	1
-4.253056	-49.67899	0	1
8.311994	-37.081819	0	1
-1.382956	-53.279302	0	1
4.950877	-39.370746	0	1
-0.330407	-19.020644	0	1
-3.948366	-32.993807	0	1
-3.418423	-30.909516	0	1
3.961798	-48.6298	0	1
2.054495	-44.992931	0	1
6.85798	-15.545122	0	1
2.042277	-31.362378	0	1
-2.375073	-26.888414	0	1
1.650869	-23.649339	0	1
-2.145353	-16.354717	0	1
-5.537244	-52.438861	0	1
5.688851	-28.156232	0	1
7.88838	-34.270367	0	1
-1.342625	-34.957607	0	1
1.570938	-51.549368	0	1
9.926554	-10.657412	0	1
-8.839824	-88.373215	0	1
-6.165348	-48.964251	0	1
-6.097409	-44.32951	0	1
-3.619096	-54.128805	0	1
8.83971	-10.890245	0	1
6.92769	-44.281795	0	1
8.367333	-14.741001	0	1
-8.545991	-58.073924	0	1
7.991654	-34.831348	0	1
0.617835	-36.938162	0	1
6.357657	-43.928324	0	1
5.061693	-43.870975	0	1
-1.317868	-49.860331	0	1
3.480844	-34.69495	0	1
-4.563908	-39.496103	0	1
-6.766524	-63.657315	0	1
-8.081541	-77.869787	0	1
-8.160445	-77.289677	0	1
-3.000046	-53.11418	0	1
-8.138778	-56.512383	0	1
-4.026426	-51.410347	0	1
-1.627365	-21.456562	0	1
7.488612	-38.650943	0	1
-5.603852	-39.664703	0	1
0.939876	-17.307898	0	1
-3.432996	-27.28962	0	1
-5.348844	-56.525709	0	1
-8.864177	-91.339567	0	1
-3.420591	-35.296455	0	1
-7.10616	-55.457989	0	1
-5.075351	-35.00668	0	1
-4.333066	-34.117772	0	1
-7.290927	-47.55348	0	1
-6.135018	-55.297463	0	1
7.490009	-25.705563	0	1
9.842153	-13.642002	0	1
-7.239679	-72.453286	0	1
-3.31331	-30.358071	0	1
-9.884242	-77.811962	0	1
-5.532024	-32.455334	0	1
1.308049	-18.340259	0	1
2.177852	-24.682855	0	1
-8.236308	-76.143726	0	1
1.629944	-13.284659	0	1
-6.599033	-66.931551	0	1
7.167903	-19.040668	0	1
-5.621158	-35.636005	0	1
6.285172	-33.767753	0	1
0.334484	-15.659118	0	1
3.179936	-36.675358	0	1
-3.857356	-25.651335	0	1
0.4036	-51.823456	0	1
-3.519435	-34.111271	0	1
-6.394594	-35.789845	0	1
-2.27971	-23.298758	0	1
-7.057076	-43.21488	0	1
-1.306785	-17.725228	0	1
-2.086769	-46.411766	0	1
-4.193868	-44.195988	0	1
3.706672	-25.047354	0	1
9.343135	-27.536484	0	1
3.392626	-34.833756	0	1
-7.904545	-47.818039	0	1
3.85204	-30.252679	0	1
-6.117739	-40.047469	0	1
-2.082463	-30.17283	0	1
8.50958	-9.745184	0	1
-4.121843	-33.842933	0	1
-6.658563	-60.66903	0	1
9.130615	-13.701094	0	1
-4.077599	-22.621378	0	1
4.370549	-39.664758	0	1
-6.806476	-43.466992	0	1
3.245939	-17.726047	0	1
3.842519	-38.909227	0	1
0.939758	-45.298315	0	1
-0.449931	-45.968586	0	1
-2.312123	-53.503304	0	1
1.427529	-51.208863	0	1
7.365544	-43.127556	0	1
7.611827	-23.530909	0	1
-2.341617	-17.369712	0	1
3.977326	-51.364494	0	1
-5.013816	-35.833824	0	1
-3.642852	-32.566845	0	1
7.400804	-27.07311	0	1
-2.166276	-48.371733	0	1
6.455582	-13.595363	0	1
-4.079308	-34.320929	0	1
3.773771	-27.616221	0	1
-3.818073	-26.20242	0	1
-9.643139	-81.70942	0	1
9.069994	-20.753965	0	1
-0.089067	-32.884861	0	1
-3.925428	-42.877478	0	1
-0.527093	-34.045804	0	1
5.893448	-36.545959	0	1
-3.321662	-28.316714	0	1
8.465446	-10.869007	0	1
-6.706689	-52.804384	0	1
5.113392	-15.181497	0	1
-2.591305	-31.536069	0	1
-7.020972	-39.870407	0	1
-9.860405	-66.457516	0	1
5.520162	-31.084252	0	1
-6.153704	-43.834074	0	1
3.659647	-24.497679	0	1
0.505741	-48.715094	0	1
6.542526	-11.446776	0	1
-4.698909	-32.765694	0	1
-1.395414	-49.004175	0	1
-0.731344	-42.884646	0	1
-7.707021	-55.216048	0	1
7.404914	-42.751454	0	1
1.754517	-27.692157	0	1
-1.590799	-28.029239	0	1
1.696325	-46.566266	0	1
-6.732275	-63.460668	0	1
7.481586	-17.744663	0	1
8.897486	-3.409746	0	1
7.166108	-30.11506	0	1
7.441389	-45.506834	0	1
4.552958	-40.424608	0	1
5.289826	-13.876276	0	1
1.853137	-42.814188	0	1
5.309288	-50.834669	0	1
5.507297	-24.749874	0	1
4.086534	-49.772025	0	1
-3.886855	-36.898665	0	1
-4.956258	-55.118895	0	1
8.728133	-10.500215	0	1
-1.212693	-50.058734	0	1
-5.515959	-40.543775	0	1
1.577373	-14.91908	0	1
5.262785	-26.36798	0	1
-1.379389	-37.723038	0	1
5.298481	-19.259985	0	1
6.544573	-46.074039	0	1
-9.46011	-96.262653	0	1
-6.588962	-65.689353	0	1
-0.933237	-18.438659	0	1
-2.375172	-34.566765	0	1
-5.314439	-40.959908	0	1
-4.662732	-44.12661	0	1
-1.966339	-31.347107	0	1
-7.028348	-60.014219	0	1
2.693445	-41.92472	0	1
-2.886224	-37.550691	0	1
7.516347	-30.478222	0	1
-8.050327	-74.971777	0	1
-9.975668	-82.568318	0	1
0.857483	-14.312856	0	1
-8.415095	-55.065594	0	1
-4.548773	-52.513412	0	1
0.832719	-50.465086	0	1
7.936491	-30.806031	0	1
2.961931	-39.930563	0	1
-0.159871	-18.359346	0	1
-4.825313	-33.596891	0	1
8.33556	-29.090399	0	1
-0.820969	-45.236594	0	1
-0.124831	-37.268564	0	1
-9.841542	-89.827846	0	1
-0.699357	-29.354746	0	1
5.899639	-29.55163	0	1
-8.074308	-82.081677	0	1
9.821381	-28.310844	0	1
-2.425546	-50.82288	0	1
7.194105	-12.45834	0	1
-5.244908	-32.40431	0	1
-6.335134	-52.147046	0	1
4.688886	-12.064695	0	1
4.666898	-23.75231	0	1
-8.088661	-66.885885	0	1
-7.516161	-74.329561	0	1
1.729008	-11.99728	0	1
-1.294236	-26.472332	0	1
-2.379774	-40.544857	0	1
-0.115179	-42.705642	0	1
2.307964	-30.930595	0	1
8.10845	-35.212591	0	1
-4.936239	-47.916804	0	1
-9.426089	-71.368538	0	1
-7.355185	-71.147377	0	1
7.360106	-42.569754	0	1
-1.156923	-15.791052	0	1
-0.6897	-19.149142	0	1
1.490313	-49.716921	0	1
-9.377085	-68.913068	0	1
-9.438069	-78.392965	0	1
-5.397392	-31.759808	0	1
6.60721	-41.037261	0	1
3.704039	-31.145126	0	1
4.086849	-19.869067	0	1
-6.491493	-68.838927	0	1
-9.962262	-93.667741	0	1
-8.02564	-53.463863	0	1
2.676945	-51.787676	0	1
-4.23966	-44.33258	0	1
-1.427863	-26.291834	0	1
5.789809	-26.923577	0	1
6.152462	-46.718299	0	1
-9.351148	-85.421145	0	1
-4.440923	-45.178974	0	1
-4.011588	-46.315576	0	1
-1.886862	-52.046285	0	1
4.705948	-22.356635	0	1
3.530882	-32.38265	0	1
6.140138	-39.471016	0	1
8.174221	-7.505305	0	1
-1.771558	-30.16726	0	1
6.089652	-12.714356	0	1
-6.715786	-36.993543	0	1
-3.664094	-25.947046	0	1
9.078621	-29.272324	0	1
-0.73088	-31.657005	0	1
2.461359	-28.117152	0	1
-7.487584	-65.073694	0	1
9.962875	-0.128252	0	1
-4.242893	-46.110502	0	1
-0.886932	-42.587593	0	1
2.605786	-50.937407	0	1
-2.309242	-22.868185	0	1
-3.148769	-33.043477	0	1
5.060719	-49.568947	0	1
-9.461596	-65.011979	0	1
-3.619153	-42.296871	0	1
2.634073	-49.692647	0	1
-7.694659	-44.960688	0	1
-8.418939	-61.683757	0	1
-0.971613	-42.136268	0	1
4.469235	-26.728855	0	1
-1.74474	-16.564543	0	1
8.465389	-34.937845	0	1
1.336609	-14.031545	0	1
-5.779701	-46.165412	0	1
0.840637	-25.626728	0	1
-2.178467	-38.166509	0	1
2.338178	-13.210935	0	1
-3.249919	-51.138755	0	1
0.810089	-30.136235	0	1
5.101742	-15.465537	0	1
-5.814668	-29.936638	0	1
-0.714399	-32.853599	0	1
6.503035	-20.184656	0	1
-4.847064	-34.835615	0	1
2.656735	-21.976996	0	1
3.60442	-39.396119	0	1
-6.730886	-38.142608	0	1
4.986031	-48.611466	0	1
-5.216178	-28.264118	0	1
-2.745549	-38.115831	0	1
-4.724127	-25.877994	0	1
-7.070082	-64.400162	0	1
-8.80029	-85.261675	0	1
5.968443	-36.734927	0	1
-0.18229	-37.140557	0	1
-5.657494	-51.851895	0	1
-5.020024	-37.881743	0	1
2.974789	-20.180661	0	1
-2.243208	-34.426187	0	1
-3.412536	-31.785674	0	1
9.511436	-26.320559	0	1
-0.905971	-35.635504	0	1
-4.802604	-23.723003	0	1
8.616565	-7.919672	0	1
-6.059586	-58.499652	0	1
-2.509028	-51.657578	0	1
-9.154752	-72.497018	0	1
-7.749622	-71.464979	0	1
7.794955	-24.534836	0	1
-0.185915	-50.924635	0	1
4.864362	-29.487878	0	1
2.026778	-26.168974	0	1
-7.688515	-68.476153	0	1
9.679613	-0.043839	0	1
9.169582	-34.022768	0	1
9.061356	-31.590847	0	1
